150
16 0 16
12 0 12
8 0 8
10 0 10
12 1 14
9 5 15
3 6 9
8 6 14
6 7 13
7 7 14
8 10 18
4 11 15
1 14 15
3 14 17
12 14 28
14 15 29
9 15 25
13 17 31
15 17 32
6 18 24
15 19 34
3 21 24
3 21 24
15 23 38
18 24 45
19 26 48
11 27 40
2 30 32
19 31 50
19 33 55
18 35 53
13 36 50
16 36 53
17 38 58
1 44 45
9 45 55
13 47 61
11 49 61
3 50 53
12 52 65
16 54 71
15 55 70
6 56 63
2 59 61
4 60 64
4 62 66
17 63 80
19 63 85
8 64 73
9 65 75
19 69 88
17 71 90
12 72 85
17 75 95
8 78 86
11 84 96
13 84 97
9 85 95
11 86 99
1 88 89
10 89 99
12 94 106
15 94 110
12 94 107
15 96 112
6 97 103
9 101 111
3 103 106
7 106 113
19 106 128
7 110 117
8 110 118
12 110 124
17 113 133
13 116 129
4 122 126
3 126 129
9 126 135
5 128 133
6 129 135
8 131 140
10 132 143
6 133 139
2 134 136
12 134 147
16 136 155
13 138 152
14 139 154
18 142 163
4 142 146
13 146 161
3 147 150
6 149 155
5 153 158
13 155 171
5 156 161
11 158 170
14 160 175
6 161 168
19 167 189
19 168 190
3 170 173
5 171 176
3 172 175
9 173 182
1 174 175
7 175 182
18 175 196
4 177 181
6 178 185
8 178 187
7 180 188
13 183 198
17 183 202
6 187 193
1 188 189
6 189 195
14 191 206
10 192 202
5 193 199
15 193 209
11 195 207
6 197 203
17 198 217
14 199 215
8 202 211
10 202 213
4 203 207
7 204 211
19 205 225
5 205 210
9 206 215
19 209 229
19 210 231
4 210 214
6 212 219
2 213 215
9 214 223
17 214 231
3 215 218
10 218 228
9 220 230
8 225 234
4 225 229
17 226 244
4 227 231
18 231 251
1 233 234
