250
10 0 10
17 0 17
3 0 3
1 0 1
19 1 22
1 2 3
2 3 5
18 3 24
4 5 9
16 5 22
8 7 16
3 10 13
13 10 24
16 11 30
12 13 26
19 17 38
14 19 34
10 20 30
10 23 34
18 23 42
19 29 51
3 30 33
15 31 48
1 31 32
8 32 40
3 33 36
9 34 44
9 34 44
19 38 58
9 40 51
8 47 55
16 47 63
16 50 68
5 53 58
2 55 57
7 55 62
11 57 70
8 57 65
9 58 68
6 58 64
15 60 78
5 60 65
3 60 63
2 61 63
14 63 80
15 63 81
18 68 86
2 73 75
7 73 81
7 75 82
11 75 88
7 79 86
17 79 99
17 80 100
14 80 94
5 83 88
17 88 107
13 88 103
8 93 102
15 94 112
9 98 107
10 99 110
18 100 122
10 101 111
9 103 112
15 103 118
6 108 114
17 108 125
14 110 125
1 112 113
12 113 126
2 114 116
11 115 127
2 118 120
8 119 127
11 119 132
19 120 140
16 122 141
6 123 129
18 127 145
9 128 137
6 135 142
6 135 142
19 136 155
19 139 162
13 140 153
19 141 160
9 142 151
10 148 159
12 150 164
1 151 152
8 151 160
14 152 166
5 153 159
12 157 169
4 158 162
3 160 163
2 161 163
7 162 169
18 162 180
9 163 173
3 163 166
10 166 177
12 169 183
5 171 177
18 173 194
17 174 191
4 175 179
11 178 189
17 179 197
4 181 185
9 183 193
16 185 201
2 186 188
6 188 194
2 188 190
1 189 190
18 189 210
14 190 204
10 190 201
17 191 211
6 194 200
6 195 202
16 196 213
4 196 200
7 197 204
14 198 214
8 201 210
16 201 220
8 202 211
4 204 208
5 205 210
7 205 212
19 206 228
1 207 208
15 208 225
17 211 228
16 213 229
14 218 232
6 219 226
10 221 233
13 222 235
3 224 227
3 225 228
11 225 238
19 226 247
2 227 229
1 228 229
18 229 250
19 230 251
5 232 237
14 232 246
7 237 245
7 237 245
6 240 247
6 241 247
4 243 247
8 243 251
4 243 247
6 245 251
14 245 259
3 246 249
15 247 262
6 248 254
18 248 267
19 248 267
7 249 256
15 249 265
18 250 269
19 253 272
5 257 262
3 257 260
1 259 260
1 260 261
5 260 266
15 260 277
5 261 266
2 262 264
8 262 271
10 264 275
19 264 286
11 270 283
3 271 274
1 272 273
9 272 283
16 273 291
10 276 287
5 276 281
10 279 289
17 280 298
7 283 290
2 286 288
10 287 298
11 287 298
2 289 291
10 290 301
10 293 303
5 295 300
4 296 300
6 297 303
6 297 304
11 298 310
18 298 316
3 299 302
3 301 304
13 301 315
15 304 319
13 304 318
17 305 323
8 305 314
13 308 321
15 314 331
9 315 324
14 316 330
2 317 319
15 318 336
15 318 334
18 320 340
14 321 337
18 326 348
18 327 346
7 332 339
17 333 351
1 337 338
6 337 344
3 338 341
13 338 351
14 339 353
8 341 350
9 342 352
4 342 346
2 343 345
5 344 349
12 344 357
10 349 360
15 349 365
4 352 356
13 355 370
6 355 362
11 356 368
9 364 373
12 365 377
16 371 389
6 376 382
13 382 396
8 383 391
5 384 389
8 387 396
