350
11 0 11
9 0 9
19 0 19
16 0 16
18 3 23
1 7 8
12 8 22
17 8 27
16 13 31
5 14 20
19 16 39
9 18 28
1 21 22
12 22 36
4 24 28
17 25 44
2 25 27
14 26 41
16 26 45
9 30 40
3 31 34
2 34 36
16 35 52
12 37 51
11 38 49
8 40 48
3 42 45
9 43 52
2 43 45
10 44 55
14 45 60
7 45 52
12 46 60
10 51 62
5 52 57
10 57 68
12 57 71
6 59 66
8 60 69
14 62 77
15 64 80
12 64 76
1 64 65
18 65 85
13 65 80
16 69 88
13 70 84
17 74 95
11 75 88
16 78 96
14 79 94
12 86 100
15 87 103
5 89 94
8 91 99
5 91 97
19 92 114
3 93 96
15 95 110
4 95 99
2 95 97
9 96 106
4 98 102
11 99 110
11 99 111
4 102 106
8 103 111
6 104 111
15 106 122
10 106 117
2 106 108
12 107 119
5 108 113
15 109 127
12 110 124
10 111 122
11 112 123
13 114 129
4 114 118
11 118 129
14 118 134
6 120 126
4 122 126
19 123 144
19 125 145
2 125 127
13 126 139
7 128 135
7 129 136
6 130 136
10 131 142
12 132 144
12 133 147
17 133 150
10 135 147
3 135 138
3 137 140
1 138 139
19 139 158
19 139 160
6 143 149
10 145 155
9 145 156
14 147 162
5 149 154
9 149 159
15 150 167
9 151 160
9 156 165
7 158 166
17 159 177
4 161 165
9 162 171
8 165 173
14 166 182
6 166 173
13 167 181
15 169 184
9 170 179
13 172 185
5 174 179
9 174 183
12 176 190
7 176 183
13 177 191
4 178 182
6 179 186
4 180 184
7 181 188
8 182 191
10 184 195
18 186 207
16 187 203
16 188 206
12 189 202
13 193 208
14 193 207
13 199 213
1 204 205
9 205 216
6 205 211
18 207 226
4 208 212
19 210 233
19 212 232
17 215 234
7 217 224
17 219 237
4 220 224
3 223 226
16 223 240
17 224 242
3 225 228
12 226 238
14 227 241
9 228 237
5 231 237
9 232 242
5 234 239
18 235 256
5 236 241
18 240 258
5 240 246
17 241 261
1 241 242
6 241 248
13 242 257
18 245 264
19 245 268
12 245 258
14 248 263
15 249 266
19 252 271
9 254 264
4 261 265
4 263 267
6 265 272
1 265 266
10 266 276
4 266 270
18 267 288
15 268 283
14 269 286
16 272 289
5 273 279
18 277 299
6 279 286
12 282 294
12 282 294
5 282 288
11 284 297
19 285 307
4 285 289
13 287 301
16 290 306
6 294 301
1 295 296
5 296 301
14 296 311
19 297 318
9 298 307
9 300 310
2 301 303
6 303 310
12 304 318
3 305 308
7 306 313
5 307 312
15 308 325
9 311 321
10 312 324
12 313 325
14 318 334
6 319 325
9 321 330
4 322 326
4 322 326
10 323 333
13 325 338
3 325 328
3 325 328
16 326 344
16 327 345
6 327 334
1 330 331
8 331 340
5 336 342
9 337 346
14 337 352
6 338 344
7 338 346
18 342 363
19 342 364
3 343 346
11 346 359
14 347 362
4 349 353
3 352 355
10 353 363
1 353 354
3 354 357
3 354 357
1 355 356
17 356 375
15 357 375
3 361 364
19 362 384
13 364 378
5 364 369
15 366 384
13 366 380
16 368 384
18 372 390
17 374 392
7 380 387
7 383 390
14 385 399
6 386 392
3 387 390
8 389 397
11 389 401
19 390 409
14 391 406
14 393 410
6 395 401
9 396 406
6 396 402
6 399 405
10 399 411
9 400 409
15 400 417
2 402 404
13 402 415
17 403 423
15 404 419
18 404 425
5 407 412
1 408 409
11 408 419
10 408 418
4 409 413
19 409 429
13 409 422
12 412 425
16 417 433
7 421 428
3 422 425
18 422 441
15 423 440
4 424 428
2 427 429
18 429 448
11 429 442
2 429 431
12 430 443
6 432 438
6 434 440
16 435 451
2 438 440
16 439 457
14 440 455
18 440 458
5 442 447
12 442 454
16 446 462
16 450 469
10 452 463
8 455 464
9 457 467
18 458 479
11 458 471
8 459 468
5 463 468
16 465 483
19 466 487
1 467 468
4 468 472
10 468 479
3 469 472
8 470 478
19 471 490
2 473 475
7 473 480
3 474 477
16 475 494
10 475 485
7 480 487
1 481 482
8 482 490
4 482 486
9 482 491
17 488 506
9 490 499
18 490 511
16 491 508
11 499 512
13 504 519
14 505 520
10 508 519
6 510 516
14 513 527
18 518 539
11 530 542
3 537 540
8 539 547
18 540 561
15 551 567
11 567 580
