300
9 0 9
11 0 11
4 0 4
8 0 8
13 1 16
7 2 10
6 3 10
1 5 6
19 6 26
18 7 25
11 9 20
12 10 24
3 11 14
12 13 25
10 14 24
2 15 17
13 17 31
19 18 41
18 18 38
16 21 37
5 25 30
2 26 28
11 27 38
10 28 38
11 28 39
6 31 37
7 32 39
6 33 39
6 34 40
6 35 41
8 36 44
1 36 37
19 36 55
6 36 42
14 36 50
4 37 41
17 39 59
15 41 57
17 44 64
1 44 45
10 45 56
9 47 56
5 49 54
5 49 54
9 52 63
11 53 66
7 55 62
2 56 58
17 56 73
8 56 65
1 58 59
3 58 61
4 58 62
4 59 63
15 59 77
11 61 73
14 62 79
2 67 69
14 69 84
15 70 86
7 70 77
8 72 80
12 73 86
1 76 77
8 77 86
16 78 94
18 79 97
3 82 85
3 83 86
18 84 104
3 85 88
17 85 102
10 87 98
5 87 93
17 89 108
2 93 95
7 93 101
1 94 95
3 95 98
4 95 99
2 95 97
13 97 111
5 97 102
15 99 115
11 101 113
3 101 104
16 103 121
7 104 112
14 110 125
4 111 115
12 112 124
11 114 126
11 115 127
12 119 131
12 120 133
12 120 134
13 121 136
5 124 129
6 128 135
10 129 140
19 130 149
4 131 135
17 132 150
10 132 143
11 134 146
9 136 146
1 145 146
7 145 153
3 146 149
12 146 158
8 146 154
18 147 166
3 147 150
4 149 153
9 150 159
14 150 167
1 153 154
18 154 175
7 154 161
4 157 161
7 158 166
9 160 171
7 164 172
13 165 180
18 167 188
17 169 186
11 170 183
16 173 189
1 174 175
1 175 176
15 176 191
9 180 190
13 180 194
9 182 191
8 184 193
12 186 200
12 186 199
8 186 194
15 186 203
12 189 203
3 190 193
4 190 194
6 193 200
4 194 198
16 195 211
3 195 198
18 196 215
9 196 205
10 198 208
18 199 219
4 199 203
5 200 206
8 203 211
3 203 206
4 205 209
13 206 219
2 208 210
13 209 224
18 209 227
14 212 227
5 213 218
4 215 219
16 217 236
1 218 219
4 219 223
6 220 227
4 221 225
18 222 241
9 222 231
7 227 235
6 227 234
4 229 233
15 232 250
11 232 244
12 232 245
19 237 260
10 237 247
17 240 260
18 241 262
14 248 264
18 249 268
3 251 254
7 251 258
8 253 262
19 254 275
7 255 262
2 258 260
1 260 261
14 261 278
6 261 267
3 264 267
16 265 281
3 266 269
17 268 285
1 268 269
13 269 284
15 270 288
3 271 274
10 272 282
9 272 281
4 275 279
1 276 277
8 277 285
5 277 282
14 277 291
9 277 286
5 279 284
12 280 294
13 281 296
7 281 288
9 285 295
6 286 292
2 289 291
10 290 300
15 290 306
11 291 302
11 293 306
12 295 309
6 300 306
12 301 314
9 301 310
4 302 306
3 304 307
8 305 314
5 306 311
4 307 311
14 308 323
18 310 328
13 313 328
4 314 318
16 315 333
2 316 318
9 317 326
14 318 333
5 319 324
6 320 326
18 321 343
8 323 331
19 331 350
7 331 338
3 332 335
14 335 351
10 336 348
7 336 344
19 342 365
8 343 352
9 345 354
5 347 353
17 347 365
15 351 366
11 352 364
10 352 363
6 353 360
10 354 366
1 359 360
18 360 380
4 360 364
11 363 376
14 364 381
10 365 375
17 367 384
3 369 372
13 372 385
10 373 384
8 374 382
13 375 389
10 377 387
19 378 397
15 379 395
11 379 390
13 379 392
5 381 386
14 383 399
19 385 405
3 386 389
13 387 400
17 389 408
9 395 404
7 400 407
7 401 408
13 401 414
4 402 406
13 402 415
8 404 412
9 409 418
16 411 427
7 413 420
5 418 423
3 420 423
16 420 437
16 422 441
9 425 435
8 439 447
7 446 453
19 447 466
5 450 455
12 454 468
15 460 475
19 462 484
19 473 495
