400
7 0 7
14 0 14
11 0 11
9 0 9
2 1 3
7 2 9
1 3 4
9 4 13
18 6 24
16 7 23
8 8 16
4 11 15
13 13 27
17 14 32
4 18 22
18 21 42
8 23 31
17 24 45
18 26 45
10 27 37
17 32 49
3 33 36
6 35 42
7 38 46
2 39 41
19 39 62
6 40 46
8 41 49
13 41 56
9 43 52
6 44 50
11 44 57
1 46 47
9 47 57
2 47 49
1 47 48
14 48 64
9 49 58
14 50 65
8 53 61
2 54 56
10 54 64
7 56 64
11 59 70
17 59 77
8 61 70
2 62 64
12 64 77
7 65 72
16 69 85
4 69 73
1 70 71
17 71 88
3 71 74
7 72 79
18 73 94
2 73 75
16 74 93
19 84 106
19 85 108
6 87 93
10 88 98
6 90 96
4 91 95
9 91 101
15 93 109
18 93 112
3 96 99
2 98 100
17 100 117
3 101 104
6 104 110
6 104 110
6 107 113
18 108 129
2 109 111
8 109 118
1 109 110
2 110 112
1 111 112
2 112 114
11 112 123
7 112 120
9 113 123
12 114 128
7 115 122
13 117 132
16 117 135
12 118 131
9 120 130
6 122 128
8 122 130
15 124 142
15 125 143
6 126 132
18 128 149
5 131 137
3 133 136
2 134 136
10 135 147
3 136 139
4 137 141
14 138 152
13 140 154
6 142 148
4 142 146
10 144 155
11 146 158
15 146 164
15 150 167
3 150 153
17 152 171
8 153 162
19 154 176
1 158 159
3 158 161
18 159 180
17 159 179
16 161 178
6 161 168
18 162 181
14 168 182
9 170 179
18 172 192
4 175 179
17 176 196
13 178 193
4 179 183
9 181 191
9 182 191
6 184 191
3 185 188
2 186 188
14 187 203
3 188 191
3 188 191
13 190 204
13 191 206
4 191 195
5 192 198
7 192 200
11 193 206
13 196 210
9 200 210
6 204 210
9 206 216
1 207 208
6 208 215
15 209 227
5 209 214
5 209 214
7 210 218
8 212 220
14 212 226
3 212 215
3 214 217
8 216 225
3 216 219
17 219 239
12 219 233
17 219 238
7 224 232
2 225 227
4 226 230
5 227 232
12 227 240
13 228 242
4 234 238
13 234 248
18 235 254
5 236 241
12 238 250
5 238 243
14 239 254
5 239 245
19 241 263
17 241 258
6 244 250
7 247 254
17 247 267
10 250 260
4 253 257
15 255 271
10 256 266
14 258 275
10 260 271
7 261 268
8 263 272
4 265 269
17 267 286
17 269 288
10 269 280
5 269 274
6 274 281
19 277 297
14 278 292
2 279 281
1 280 281
6 280 286
10 281 293
3 282 285
3 284 287
1 284 285
11 285 296
13 286 300
18 287 306
13 287 300
8 289 297
5 292 297
18 292 313
1 293 294
1 294 295
18 294 312
8 295 303
13 297 312
3 302 305
5 303 308
2 304 306
15 305 322
8 306 314
12 306 320
6 308 315
2 308 310
8 310 318
7 311 318
14 314 330
18 316 336
5 317 322
6 318 324
7 321 329
10 321 331
9 323 332
10 325 335
6 328 334
6 329 335
1 330 331
5 331 336
14 331 347
14 332 349
12 332 346
16 335 353
9 340 351
11 342 353
5 343 348
8 345 353
16 346 365
7 347 354
1 350 351
14 351 367
8 352 361
9 353 363
11 357 368
10 360 370
13 360 375
18 362 381
1 363 364
4 364 368
13 364 379
10 368 378
2 368 370
14 369 385
13 372 387
10 374 385
11 374 385
8 375 383
3 377 380
5 379 384
7 379 386
11 380 393
18 380 401
1 381 382
5 382 387
8 384 393
2 385 387
4 386 390
9 387 397
8 387 396
7 389 397
8 392 401
17 392 409
19 394 414
2 395 397
3 395 398
5 396 401
7 396 404
7 398 405
17 400 417
4 400 404
16 402 420
5 403 409
13 405 419
7 409 416
5 410 415
14 413 427
4 413 417
4 414 418
14 415 431
14 417 434
18 417 436
4 419 423
4 420 424
6 421 427
16 421 437
18 426 444
8 426 434
4 426 430
1 428 429
2 429 431
4 430 434
6 430 437
8 431 439
13 432 445
5 432 437
7 432 439
11 434 446
7 436 443
19 437 459
12 437 449
2 438 440
16 438 457
3 440 443
9 441 450
1 443 444
2 444 446
17 445 465
19 446 469
11 450 461
12 454 468
5 457 463
5 457 462
9 460 469
18 461 479
8 463 471
2 464 466
9 465 474
1 466 467
12 467 481
19 467 487
15 468 483
9 474 483
9 474 484
4 475 479
3 476 479
11 477 488
7 478 486
10 479 490
2 480 482
9 481 490
16 482 498
18 483 505
16 485 504
13 485 498
5 490 495
10 493 505
15 495 512
7 498 505
2 500 502
9 501 511
8 503 511
4 505 509
2 507 509
19 508 529
2 509 511
17 509 526
19 509 532
9 510 520
12 515 528
15 518 535
10 521 531
3 527 530
18 527 546
9 528 537
4 529 533
5 532 538
2 537 539
13 537 551
17 538 557
17 544 564
3 545 548
3 548 551
5 551 556
8 554 563
11 556 568
11 559 571
12 561 574
1 562 563
3 563 566
18 566 587
6 566 572
18 571 590
17 579 598
5 585 591
2 588 590
13 589 604
2 597 599
17 597 615
5 598 603
1 599 600
14 600 614
16 606 624
