500
8 0 8
16 0 16
1 0 1
12 0 12
1 1 2
11 1 14
10 1 12
2 2 4
14 3 20
12 3 16
2 5 7
13 7 23
15 9 27
16 12 28
14 16 32
8 19 27
10 22 32
3 24 27
17 24 44
16 27 46
11 29 40
3 30 33
7 33 40
9 38 48
6 38 45
2 39 41
7 41 48
17 41 62
4 42 46
3 44 47
10 44 55
12 46 59
13 47 61
11 51 62
8 52 60
9 53 63
1 56 57
5 56 61
14 57 73
19 57 76
13 57 71
15 59 75
2 62 64
10 63 73
9 64 73
19 67 86
14 69 85
19 71 92
6 71 77
6 75 81
9 76 87
1 77 78
8 78 87
7 79 86
8 80 88
10 81 91
8 82 90
9 87 96
3 87 90
14 88 102
1 89 90
7 90 97
6 90 96
14 94 109
3 94 97
13 95 109
12 96 109
2 96 98
8 97 106
2 101 103
15 102 118
10 103 114
1 103 104
2 104 106
5 104 110
11 106 117
6 108 114
3 108 111
11 109 121
9 110 120
13 112 125
13 113 128
4 114 118
14 115 129
1 115 116
19 116 135
3 118 121
5 121 126
14 123 138
7 124 131
5 126 131
5 127 132
16 128 147
15 129 147
6 131 138
18 131 149
16 132 150
4 133 137
17 134 151
3 135 138
15 137 154
9 138 148
18 144 165
4 144 148
16 144 163
6 148 154
8 148 156
12 150 163
18 152 173
5 156 162
15 157 172
16 158 176
19 161 182
16 161 178
3 161 164
13 164 177
13 170 183
17 172 192
1 176 177
3 177 180
8 179 188
3 179 182
15 182 198
11 182 193
13 186 201
19 188 207
9 190 200
8 190 199
10 193 203
4 195 199
10 196 206
9 197 207
3 199 202
8 200 209
2 202 204
15 202 219
10 203 213
19 203 224
5 207 212
10 207 218
9 208 217
3 209 212
9 210 219
3 212 215
4 213 217
11 214 225
7 214 222
6 214 220
12 214 227
5 217 223
6 218 224
5 219 224
9 219 229
1 220 221
13 221 236
12 223 235
4 223 227
7 225 232
5 225 230
10 226 236
14 226 241
6 227 234
8 230 238
16 231 249
11 231 242
3 232 235
1 235 236
10 235 247
13 236 251
1 239 240
10 239 249
10 240 251
17 244 263
8 244 253
9 245 255
2 247 249
8 248 256
11 248 260
13 252 268
17 253 270
18 254 275
8 255 263
1 260 261
18 261 280
3 263 266
2 264 266
12 265 278
18 265 284
17 265 284
14 267 282
11 269 282
19 273 293
11 274 286
9 275 285
4 275 279
8 278 287
13 280 293
6 284 291
12 284 296
10 286 296
15 287 304
6 289 295
18 291 312
19 292 314
16 296 314
8 297 306
10 301 313
2 303 305
19 304 325
18 305 323
15 307 322
19 308 328
9 309 319
13 310 324
5 315 320
5 316 321
8 318 326
10 318 330
12 320 333
8 322 331
15 322 339
6 327 333
17 330 350
15 331 347
19 331 351
12 336 349
2 338 340
6 340 346
1 341 342
12 342 354
13 344 358
8 345 353
3 345 348
12 346 360
11 346 358
6 347 354
19 348 371
4 350 354
7 353 360
7 354 361
16 355 371
2 356 358
5 357 362
17 357 374
10 358 369
13 360 375
10 360 370
2 361 363
2 362 364
15 364 381
17 365 385
8 365 374
19 368 390
9 369 378
17 370 388
19 374 396
18 374 393
8 375 384
6 379 385
13 380 393
16 381 400
3 385 388
5 385 391
1 386 387
19 387 409
8 388 397
7 389 397
11 391 402
11 391 404
7 394 402
13 395 408
7 399 406
13 400 415
13 403 419
4 403 407
15 404 419
5 406 411
4 406 410
2 410 412
14 410 426
1 411 412
19 412 435
1 412 413
14 412 429
3 413 416
14 416 432
10 422 433
19 424 444
10 426 437
8 428 436
18 429 450
14 430 445
13 431 444
3 433 436
15 433 448
6 433 440
16 435 452
2 435 437
4 436 440
5 436 441
8 437 445
12 438 450
12 438 452
6 439 446
7 443 450
8 443 452
12 444 457
8 446 455
8 447 456
11 449 462
13 450 463
3 453 456
1 455 456
16 455 473
7 456 464
4 456 460
9 458 467
14 460 474
1 461 462
6 462 468
8 462 470
6 462 468
11 465 476
2 467 469
3 468 471
6 469 475
1 470 471
19 471 491
9 473 483
10 473 484
14 473 489
14 475 491
8 476 485
4 479 483
7 480 487
12 483 496
19 483 505
1 483 484
9 484 493
11 488 500
8 492 500
10 492 504
15 494 510
2 496 498
19 497 518
6 497 504
9 498 507
7 501 509
14 502 516
13 505 518
16 505 521
12 505 517
18 508 527
17 510 530
19 510 533
6 513 520
9 514 525
9 516 526
14 517 534
10 518 529
11 520 532
3 521 524
2 522 524
17 524 542
4 524 528
12 527 539
15 527 542
16 528 546
2 528 530
17 529 549
18 530 548
8 539 547
9 539 550
3 542 545
5 543 548
2 543 545
7 545 553
19 545 564
13 545 559
13 546 559
7 552 560
12 552 566
11 553 564
5 556 561
6 559 565
16 559 577
13 562 575
3 563 566
11 564 575
9 566 576
19 568 590
10 570 580
16 573 590
12 575 589
13 576 591
19 579 602
3 582 585
13 582 595
1 583 584
18 584 604
17 584 604
5 585 590
10 587 599
16 589 605
13 591 604
10 592 602
1 594 595
4 595 599
15 597 615
12 598 610
19 599 619
3 601 604
13 602 616
13 603 618
9 604 614
10 604 615
2 606 608
3 607 610
15 609 624
5 610 616
2 611 613
18 612 633
13 614 627
15 617 633
4 618 622
4 620 624
11 621 632
14 623 638
14 627 643
19 630 653
7 630 637
17 632 649
4 632 636
3 634 637
6 635 641
8 636 645
18 636 654
15 637 652
14 639 653
13 639 653
11 640 652
7 648 655
11 648 659
7 649 656
12 649 661
17 652 670
12 656 669
14 658 674
9 658 667
1 658 659
8 659 667
1 661 662
16 661 677
15 662 679
5 663 668
8 665 674
1 666 667
15 667 684
15 669 685
11 669 680
10 670 680
8 671 680
4 674 678
3 674 677
10 675 686
17 675 692
17 677 696
17 679 699
18 680 698
12 684 696
9 686 695
10 687 697
19 689 710
14 690 704
6 691 697
10 695 705
5 696 701
6 696 702
17 700 718
17 700 720
18 701 722
4 704 708
2 706 708
11 707 720
1 709 710
18 710 732
3 710 713
14 711 728
3 713 716
4 714 718
16 717 735
6 718 724
4 719 723
13 719 732
12 721 735
4 723 727
3 726 729
18 729 751
12 734 748
10 738 750
