100
10 0 10
15 0 15
3 0 3
17 0 17
18 1 23
8 9 18
1 10 11
5 11 16
19 14 36
6 14 20
6 14 20
14 15 31
3 18 21
11 19 32
17 23 42
11 28 41
5 29 34
19 29 50
1 30 31
1 31 32
14 32 48
18 33 54
1 33 34
6 33 39
9 34 43
15 37 53
4 38 42
8 38 46
3 39 42
14 39 54
6 39 46
15 42 57
10 42 53
18 44 63
12 46 60
1 48 49
3 49 52
9 49 58
1 51 52
10 52 63
15 53 71
13 54 68
5 57 62
10 57 68
19 58 80
14 61 77
12 63 77
8 67 76
7 73 81
2 73 75
8 75 84
1 75 76
11 76 89
5 76 81
2 77 79
15 78 96
16 79 96
6 79 85
19 83 106
12 85 97
6 86 92
1 88 89
9 88 97
14 89 103
16 91 110
6 91 97
7 96 104
8 97 105
19 97 119
11 102 113
2 102 104
17 104 124
8 104 112
11 107 118
3 108 111
18 110 128
2 110 112
19 110 130
6 111 117
10 114 126
4 114 118
17 116 133
2 118 120
8 119 127
16 121 140
5 121 126
13 122 136
16 122 139
12 127 140
11 129 140
4 135 139
1 136 137
7 137 144
4 138 142
1 142 143
3 142 145
19 143 162
15 144 159
14 154 171
8 158 167
