200
5 0 5
8 0 8
15 0 15
14 0 14
17 2 21
16 8 25
9 10 20
13 14 29
8 14 23
9 17 27
3 20 23
2 21 23
10 22 32
15 22 38
7 23 30
12 24 38
2 26 28
18 27 45
6 28 34
8 29 37
4 29 33
1 29 30
19 30 51
9 30 39
3 33 36
6 33 40
14 34 51
5 36 41
12 37 51
16 39 58
9 44 53
15 47 63
8 49 57
13 50 65
9 52 62
1 53 54
14 54 70
4 56 60
15 58 74
17 58 79
4 60 64
6 63 69
11 66 77
7 66 73
5 68 73
1 69 70
16 69 85
9 70 79
18 73 93
18 75 94
4 75 79
17 78 96
17 78 95
16 81 97
3 82 85
3 83 86
18 85 106
11 88 99
16 90 109
16 96 113
11 97 108
5 99 104
12 100 112
12 102 115
7 103 110
8 106 114
10 107 117
8 108 116
15 110 127
15 110 126
10 112 122
16 113 130
7 117 125
15 122 137
18 122 142
4 124 128
14 125 142
12 126 138
8 126 135
9 133 142
4 133 137
17 134 151
10 135 145
14 136 150
2 136 138
1 137 138
14 137 154
12 138 152
16 146 165
14 146 161
6 146 153
16 147 163
2 148 150
7 149 157
1 149 150
2 150 152
14 151 167
15 153 168
4 155 159
11 159 170
5 159 164
18 160 179
13 163 178
7 165 173
3 165 168
3 167 170
16 168 187
11 169 180
2 170 172
17 172 190
12 173 186
19 175 196
14 175 189
9 177 186
2 178 180
10 179 190
19 181 200
2 181 183
7 183 190
12 184 196
8 184 192
9 188 199
12 190 203
17 192 211
9 196 206
3 196 199
16 198 216
3 200 203
2 202 204
5 202 207
7 202 210
11 203 214
18 204 225
4 204 208
19 206 228
5 209 214
17 209 226
18 212 233
10 213 224
19 215 235
12 217 229
8 218 226
2 219 221
16 219 235
5 220 225
1 223 224
3 223 226
7 224 231
13 225 238
11 226 238
14 226 241
6 232 238
9 232 241
9 234 243
15 235 252
15 235 250
8 238 247
19 240 262
10 245 256
10 246 256
13 247 260
2 252 254
12 252 264
4 253 257
19 254 276
14 259 275
18 260 280
5 261 266
8 262 270
11 266 279
5 267 273
14 269 283
3 269 272
4 270 274
8 271 279
12 272 285
1 275 276
16 276 293
19 276 297
2 285 287
8 286 294
17 287 306
17 292 310
19 301 322
5 306 311
19 308 327
14 309 323
19 310 329
19 315 335
19 322 342
10 323 335
18 330 350
10 335 345
19 340 363
11 348 359
10 349 360
2 356 358
5 360 365
10 360 371
4 370 374
