450
2 0 2
8 0 8
8 0 8
4 0 4
17 1 19
19 3 22
18 4 22
4 7 11
11 8 21
16 10 29
14 19 35
17 21 42
13 21 37
4 22 26
7 26 33
13 28 41
5 32 37
14 34 50
4 36 40
6 37 44
14 37 53
5 38 43
18 39 58
4 40 44
14 40 55
17 43 63
5 43 48
14 44 58
16 46 63
10 51 63
3 53 56
10 54 64
18 55 76
16 59 77
6 61 68
1 63 64
3 64 67
15 65 82
7 66 74
14 70 86
4 74 78
19 76 98
18 76 97
15 77 92
10 81 91
4 83 87
5 85 90
19 87 107
19 89 109
11 90 102
15 92 107
5 96 101
5 96 101
16 97 114
6 98 105
11 98 109
10 98 108
9 101 110
19 103 123
14 103 119
6 104 110
10 106 116
13 107 122
4 108 112
8 109 118
16 111 127
6 112 118
3 114 117
11 114 127
14 115 131
9 117 126
14 118 132
4 119 123
5 121 126
17 122 142
4 127 131
10 128 140
11 131 144
16 131 148
17 135 156
14 141 157
7 142 150
19 144 166
7 149 157
1 149 150
10 150 161
2 154 156
3 155 158
5 156 161
18 157 176
16 157 176
8 158 166
5 160 166
6 161 168
9 163 172
3 163 166
4 164 168
8 164 173
11 165 177
6 166 172
1 168 169
9 169 178
14 170 187
14 172 188
7 174 181
1 175 176
10 175 185
5 175 180
5 176 181
9 177 187
10 179 189
13 180 194
19 181 203
16 184 201
12 184 196
9 185 194
8 186 194
1 188 189
19 188 208
5 189 194
13 191 205
9 192 201
6 193 199
16 194 211
3 197 200
15 198 213
15 198 216
6 199 206
6 201 207
18 202 220
16 204 221
9 206 216
11 207 220
11 210 222
16 210 228
14 211 225
4 212 216
3 214 217
6 214 220
15 215 230
3 215 218
1 217 218
17 217 236
5 218 223
3 218 221
4 219 223
9 220 230
17 220 241
15 223 239
15 225 241
13 228 242
1 233 234
16 234 252
1 234 235
18 235 257
7 236 243
18 237 258
2 239 241
11 240 253
16 241 257
5 248 254
11 250 261
19 252 271
7 253 260
19 255 277
1 256 257
13 257 272
8 260 268
8 262 271
7 263 271
1 267 268
9 267 277
8 268 276
2 269 271
4 270 274
19 270 291
10 271 281
2 271 273
13 273 287
5 274 279
2 275 277
16 277 296
14 279 294
1 285 286
17 286 307
3 288 291
8 289 297
4 289 293
6 293 299
7 293 300
3 296 299
5 297 302
16 298 314
18 298 318
16 298 315
9 300 310
7 302 310
2 303 305
6 305 311
3 309 312
19 310 332
14 310 325
8 311 320
17 313 332
12 316 329
9 317 327
9 320 331
5 321 327
4 323 327
10 323 333
4 324 328
2 326 328
5 327 332
4 327 331
9 327 337
14 327 341
14 328 342
12 329 343
16 331 350
14 332 348
16 334 352
8 336 345
7 336 344
12 337 350
7 341 348
5 342 347
3 343 346
6 344 350
11 345 357
11 346 357
19 347 366
18 348 367
18 348 369
17 349 367
7 351 359
9 352 361
6 353 359
2 355 357
13 357 370
17 357 377
9 357 367
12 360 374
4 362 366
3 363 366
14 365 380
4 365 369
9 369 378
15 369 385
19 372 395
8 374 383
8 376 385
11 376 387
6 379 386
7 379 386
9 382 392
14 383 400
9 383 393
9 384 393
18 385 405
12 386 399
1 390 391
10 391 401
10 392 403
4 398 402
8 399 407
11 400 412
10 400 410
12 402 414
8 402 411
15 403 420
2 404 406
5 405 410
17 406 426
7 407 414
4 408 412
7 410 418
1 411 412
1 412 413
13 412 426
10 412 422
17 413 431
17 418 436
13 418 431
4 421 425
18 421 442
11 425 437
7 425 432
16 427 445
15 429 444
15 432 447
7 433 441
2 434 436
13 436 451
7 440 447
3 443 446
12 443 456
11 445 456
4 445 449
10 446 456
1 446 447
3 447 450
7 448 456
18 448 468
7 449 456
3 451 454
7 453 460
9 456 466
1 456 457
5 457 462
1 458 459
18 459 477
9 460 470
5 462 467
19 464 483
3 465 468
9 465 476
12 468 482
19 469 489
7 474 482
14 476 492
11 477 488
13 477 491
15 480 497
11 484 495
7 484 492
7 486 493
19 486 508
9 491 501
13 492 507
13 493 508
9 493 502
12 496 509
4 498 502
15 499 515
3 507 510
10 507 518
18 508 526
16 509 526
7 512 519
1 512 513
14 513 528
8 516 525
13 518 533
18 521 540
12 522 534
13 523 536
7 526 533
11 527 539
11 528 541
5 530 535
8 531 539
8 532 541
9 533 542
18 535 555
7 538 546
14 538 553
5 539 544
3 540 543
8 541 549
6 541 548
16 544 561
8 547 556
4 547 551
16 548 565
5 551 557
1 553 554
8 554 562
8 555 563
1 557 558
13 558 573
15 560 578
2 561 563
3 561 564
11 562 574
4 562 566
5 562 567
3 563 566
14 564 578
12 565 578
17 566 586
4 573 577
2 575 577
1 575 576
17 576 593
13 576 591
13 576 589
13 577 592
16 578 597
4 579 583
15 582 597
3 583 586
12 584 598
8 585 594
3 587 590
7 588 595
7 590 597
6 591 597
14 594 610
3 594 597
8 594 602
6 597 603
16 598 616
1 598 599
6 598 604
6 599 606
14 601 617
17 602 622
18 603 622
2 608 610
12 609 621
5 609 614
11 610 622
7 611 619
13 615 628
13 616 631
3 618 621
13 620 633
11 621 634
17 628 647
5 628 634
4 629 633
10 630 641
10 633 643
11 636 649
7 639 646
3 641 644
2 644 646
7 645 653
9 646 655
1 646 647
8 647 655
10 647 659
9 655 665
18 657 675
3 657 660
16 659 675
19 664 683
1 672 673
17 673 692
9 691 701
18 695 713
5 712 717
11 717 728
14 718 734
2 734 736
4 735 739
5 737 742
18 738 760
