500
3 0 4
8 4 17
8 8 22
10 10 25
6 15 24
3 16 23
10 25 39
5 21 28
9 38 49
8 39 53
1 25 28
9 41 55
8 30 43
6 34 44
10 52 68
2 51 57
8 72 83
4 80 86
2 75 80
3 65 74
2 90 97
5 83 94
1 67 71
3 68 72
1 103 105
9 105 119
3 118 125
8 117 126
9 129 143
3 87 92
4 80 89
6 108 116
5 106 117
10 86 97
9 101 116
8 145 156
2 123 131
1 182 185
3 172 179
8 110 121
8 144 157
7 182 190
6 185 193
6 211 220
5 131 142
6 119 129
2 153 159
1 126 130
2 184 188
4 135 140
7 246 259
1 224 227
4 180 188
7 164 175
10 187 199
6 161 170
3 186 191
1 190 197
8 205 218
9 168 182
9 237 250
2 240 247
6 270 279
3 238 246
4 164 171
10 164 178
1 277 279
4 299 305
1 242 246
1 224 226
8 261 271
10 311 323
3 329 337
10 314 329
2 241 245
8 293 306
2 232 238
7 293 304
5 346 355
8 233 246
8 291 304
9 278 290
7 355 368
7 405 415
9 334 348
4 397 407
5 418 428
4 428 436
8 320 330
1 375 379
5 381 387
7 306 319
1 258 265
10 358 374
5 277 283
10 361 377
9 377 387
3 372 377
3 427 434
4 279 289
4 308 318
10 333 349
6 396 404
10 507 519
1 363 370
4 382 389
3 379 386
8 371 380
8 337 347
6 436 443
3 439 445
1 285 290
10 468 482
4 406 415
9 491 505
3 391 400
1 441 448
4 299 307
4 306 312
4 380 386
7 488 496
7 586 594
5 496 505
1 312 315
3 551 560
8 429 443
1 357 360
2 528 534
8 369 383
1 605 612
3 622 627
8 420 434
10 360 371
4 531 540
4 469 475
4 534 540
1 552 555
7 554 565
1 384 387
9 484 499
8 506 517
4 472 480
9 461 475
7 380 391
1 433 439
7 483 495
4 446 453
7 453 466
3 413 417
3 436 445
3 628 634
1 484 491
3 541 545
4 581 586
10 419 433
2 530 535
7 769 781
4 650 658
5 687 693
7 703 714
4 743 753
10 590 603
1 705 709
2 468 476
4 447 455
2 441 449
6 590 601
1 777 782
1 448 455
6 656 668
4 774 783
8 438 449
1 762 764
2 475 481
9 866 876
10 612 626
8 596 606
3 474 480
9 615 630
1 566 573
9 838 851
6 512 520
4 649 657
7 674 687
5 659 665
1 535 542
9 775 790
9 759 774
6 814 825
10 906 918
6 842 849
2 911 915
7 519 530
4 670 680
4 777 786
3 563 572
3 625 629
10 741 752
1 918 924
1 687 690
6 790 801
5 729 738
6 707 719
6 682 692
7 529 541
7 916 925
1 826 833
8 596 606
4 949 954
5 595 603
10 1003 1014
9 956 968
2 726 730
1 664 670
6 755 762
2 920 928
5 930 941
4 1028 1033
9 715 725
5 758 765
7 771 779
8 870 882
8 747 760
4 956 965
3 644 653
5 1085 1091
6 798 809
4 961 967
2 1047 1050
1 642 648
8 791 800
1 953 957
5 636 643
10 1089 1100
4 688 698
8 716 725
1 754 759
6 1093 1103
4 650 657
10 1144 1157
3 939 948
4 1191 1196
9 1084 1096
10 711 722
9 906 917
8 811 824
4 1224 1229
5 822 831
7 1046 1057
1 1175 1178
2 1024 1028
10 853 865
1 1140 1146
9 1202 1212
2 687 693
8 788 801
2 809 814
1 711 718
8 917 929
9 1292 1305
10 863 876
1 804 808
3 1155 1162
3 933 940
8 735 746
6 747 758
1 1322 1325
3 682 688
8 739 749
3 960 966
4 969 974
4 886 893
4 1079 1089
8 1282 1292
6 1279 1290
7 802 814
9 730 745
4 1224 1233
8 1235 1249
5 928 935
6 1334 1342
9 1370 1380
1 944 948
4 931 941
4 1274 1279
9 880 895
5 802 808
2 1206 1212
7 965 976
1 832 838
10 1179 1191
7 830 842
5 1396 1407
8 1052 1063
1 1168 1173
7 1048 1059
9 1293 1305
1 1474 1481
2 1200 1204
6 964 972
9 1461 1475
3 1431 1440
5 1362 1371
1 1318 1323
7 1423 1432
5 1024 1035
3 1482 1487
8 1397 1410
3 1463 1471
4 1468 1473
6 1062 1072
2 1151 1156
5 1529 1537
2 783 786
8 1165 1175
7 1180 1188
5 1318 1325
9 1132 1145
1 1349 1355
10 1209 1220
4 1517 1523
4 898 905
2 1026 1030
4 843 848
10 896 910
10 858 873
4 1578 1583
6 1336 1347
7 1058 1069
10 1366 1382
9 1461 1474
2 1087 1094
4 1148 1157
7 1239 1247
8 1408 1417
1 1484 1489
2 1228 1236
10 1216 1231
9 1300 1313
4 1156 1161
3 1264 1273
1 987 990
1 1093 1097
5 1208 1214
9 1304 1319
5 1083 1092
10 1364 1379
7 1352 1365
4 950 955
5 1612 1621
8 1579 1592
10 919 932
7 1754 1762
3 1643 1650
3 1688 1694
6 984 996
8 1166 1175
6 1695 1707
2 1269 1275
3 1346 1355
3 1647 1653
8 1538 1550
8 1721 1735
3 922 926
8 1428 1439
9 1220 1230
3 959 964
8 1796 1808
7 1224 1234
5 1400 1409
7 1088 1100
7 1583 1594
7 1530 1540
5 1317 1324
4 1127 1132
5 1673 1684
6 1422 1432
4 1001 1010
6 1869 1878
9 1580 1591
6 1276 1283
10 1637 1652
10 1274 1286
4 1292 1301
5 1699 1708
8 1476 1486
2 1417 1421
3 1576 1583
9 1392 1404
6 1434 1441
4 1845 1852
9 1800 1813
2 1628 1633
5 1599 1605
9 1948 1960
2 1881 1884
2 1962 1967
7 1256 1266
2 1449 1457
7 1689 1698
10 1722 1735
10 1777 1791
1 2008 2010
7 1835 1843
1 1036 1043
7 1249 1259
6 2004 2013
3 1379 1386
2 1792 1797
4 1139 1148
7 1879 1888
2 1083 1087
3 2006 2010
4 1191 1196
7 1986 1999
5 1984 1995
7 1721 1730
6 2004 2015
4 1122 1130
9 2036 2046
3 1592 1596
8 1826 1837
4 1511 1520
1 1895 1899
9 1153 1163
1 1138 1140
4 1628 1638
8 1084 1094
4 1869 1878
4 2085 2095
7 1237 1245
3 1082 1090
7 1433 1446
2 1415 1419
6 1948 1958
6 1350 1362
8 1108 1119
6 1707 1716
5 1397 1403
8 1201 1210
1 1735 1737
8 2183 2194
2 1959 1963
9 1183 1196
9 1906 1918
3 2038 2046
3 1992 2001
4 1233 1239
10 1491 1503
1 1353 1359
2 1795 1801
1 1499 1506
6 1709 1718
7 1641 1651
5 1683 1692
7 1646 1658
10 1890 1901
1 1729 1736
4 1156 1163
1 1460 1463
6 2074 2084
1 1337 1344
8 1596 1605
8 1406 1419
1 1735 1739
9 1837 1849
4 1893 1901
9 1838 1850
7 1706 1716
5 1882 1891
2 1705 1710
2 1722 1727
8 1701 1714
2 1751 1756
2 1456 1464
5 2181 2187
1 1892 1897
8 2208 2221
5 1596 1603
2 1747 1751
7 1359 1369
4 1958 1965
1 2295 2300
9 2264 2274
3 1928 1934
3 2120 2124
6 1749 1760
7 1229 1242
3 2366 2375
9 1435 1449
2 2254 2260
2 2045 2049
8 2037 2046
5 1276 1286
10 2253 2264
6 1258 1265
2 1729 1734
3 2128 2133
3 1434 1443
9 2489 2499
