450
10 2 14
6 1 8
2 0 10
7 1 11
5 3 14
7 1 15
10 3 21
5 3 14
3 3 12
9 3 14
4 4 11
5 5 14
6 4 12
6 4 17
8 4 18
2 6 16
4 5 17
6 5 16
6 6 14
4 5 16
8 6 20
2 5 15
6 6 14
2 6 16
10 8 20
6 8 16
10 6 23
10 8 26
5 7 16
5 9 18
7 9 24
7 9 23
4 9 15
3 9 13
4 9 21
8 8 21
9 9 20
8 9 21
6 10 20
4 10 21
10 10 28
7 10 21
4 10 15
10 10 25
10 12 26
9 12 27
1 13 21
6 13 27
10 14 31
6 13 20
1 14 19
6 13 26
8 15 27
6 15 26
2 14 22
3 14 18
7 14 25
9 14 29
5 15 28
1 15 24
7 16 30
2 15 20
1 16 20
7 16 31
4 16 22
9 16 31
4 16 25
4 19 30
6 18 28
2 18 22
2 19 25
6 18 28
6 18 32
6 18 27
9 20 30
6 19 31
10 19 34
3 19 28
5 21 30
2 21 26
8 21 30
4 21 29
2 22 29
10 22 35
4 21 33
9 23 40
3 22 26
4 22 31
5 22 32
4 23 31
5 23 36
10 23 37
4 23 29
7 25 37
2 25 30
10 23 34
7 25 33
4 25 30
4 25 30
4 24 33
1 27 31
7 27 39
4 26 32
3 26 31
6 26 39
7 27 37
3 27 38
3 26 31
2 28 34
7 28 37
8 29 44
9 29 46
8 28 40
7 30 41
1 30 37
1 31 38
10 29 42
2 30 39
1 31 36
4 30 40
5 31 42
7 31 43
10 31 46
9 31 43
9 32 43
4 32 42
8 32 43
10 32 46
10 33 48
9 34 51
7 34 45
1 34 41
3 35 45
5 33 39
8 34 48
8 34 43
1 35 43
7 34 43
2 35 44
9 34 48
6 36 44
2 36 43
1 37 41
2 36 45
3 38 45
2 38 42
2 38 45
9 37 50
4 37 46
3 39 48
9 38 53
1 39 42
10 39 51
8 39 48
8 40 55
1 40 49
9 39 51
10 39 52
3 40 51
6 41 52
5 40 49
7 42 54
2 42 49
5 43 51
2 42 51
1 42 49
4 43 50
1 44 48
2 42 49
8 43 58
1 44 49
2 45 51
2 44 47
1 44 53
5 45 51
1 45 47
3 46 51
10 46 60
2 45 50
1 45 52
7 46 59
2 47 56
1 45 52
2 46 55
4 48 53
8 46 57
8 47 57
2 47 52
8 48 64
7 49 61
2 49 53
7 49 63
6 48 55
10 49 67
9 50 66
2 49 58
10 50 63
2 49 57
6 51 64
2 51 61
8 50 66
1 51 54
8 50 59
1 51 60
4 53 64
7 53 67
7 52 65
3 51 61
10 54 68
9 52 63
2 53 60
4 53 58
9 53 65
9 53 64
2 55 58
10 53 65
5 55 62
3 55 61
10 55 73
1 56 64
7 56 64
2 57 62
4 57 62
6 57 70
1 58 65
1 58 60
7 58 72
7 58 67
8 57 67
1 57 59
5 59 66
10 59 70
1 60 62
8 58 69
3 60 64
6 60 67
3 60 66
5 60 73
6 60 68
7 60 74
3 61 71
8 61 73
1 62 71
1 60 62
1 61 65
7 61 73
9 62 77
7 61 70
9 63 74
6 64 77
6 63 74
3 63 68
2 64 74
1 64 68
9 64 80
3 64 73
7 64 74
8 65 80
9 66 81
2 65 70
9 67 78
4 66 75
3 65 74
1 65 68
7 67 77
5 66 76
1 67 73
10 67 78
4 67 77
4 68 74
3 69 78
2 70 76
5 68 80
9 69 83
6 70 78
4 69 75
9 70 87
7 69 78
8 70 81
3 71 79
9 70 83
3 70 78
6 70 83
4 71 78
5 71 78
7 73 87
10 73 84
6 72 81
4 74 80
1 73 81
10 73 90
6 75 82
5 74 81
4 73 80
6 74 88
1 74 83
9 76 93
9 75 85
5 74 86
1 77 86
9 77 91
10 75 88
1 76 85
2 77 82
5 76 87
6 77 86
8 77 87
6 78 87
2 77 80
4 79 87
3 77 83
9 78 90
4 79 91
6 78 91
5 79 85
9 79 90
4 81 90
7 80 95
10 80 94
10 81 96
9 81 93
2 80 83
8 81 92
3 82 89
6 83 92
5 83 92
1 81 84
10 84 100
10 82 100
7 82 92
9 84 98
7 84 98
2 83 93
8 85 94
6 83 95
6 86 100
4 85 97
8 84 93
4 86 94
4 85 95
7 86 99
8 86 95
7 87 95
4 86 91
10 87 99
6 87 100
9 87 99
1 88 97
3 87 94
5 87 96
10 89 104
4 89 97
4 90 97
8 89 99
10 89 101
8 89 99
8 90 106
5 89 100
10 91 106
7 92 102
3 91 98
7 91 103
4 90 100
7 91 104
5 91 104
6 93 107
8 92 102
8 92 105
10 93 104
7 94 106
2 93 99
6 93 103
8 95 104
2 93 96
7 94 108
10 95 106
2 94 97
4 95 107
8 96 111
10 94 109
10 95 110
4 96 106
3 96 105
3 97 105
6 97 105
7 97 111
8 97 109
5 98 107
6 97 109
10 97 112
3 98 105
1 98 107
10 98 114
4 100 110
1 99 105
7 101 113
8 99 110
10 99 110
6 101 113
7 101 111
10 101 118
6 102 111
1 101 108
8 102 113
7 101 111
9 102 119
2 102 108
1 102 104
8 102 113
1 103 112
2 104 113
2 103 109
7 104 112
5 105 116
10 105 118
1 104 107
5 105 115
9 106 120
8 105 117
3 106 113
5 106 112
4 106 116
2 106 109
5 106 114
3 107 117
7 106 117
6 108 115
9 108 125
8 107 121
9 108 118
6 109 117
8 109 123
3 110 116
1 110 115
9 108 123
7 110 118
6 110 123
7 111 121
4 111 123
5 109 116
1 112 118
5 110 118
6 112 126
7 111 125
10 112 130
5 113 125
5 112 119
5 113 123
3 113 120
8 113 123
