400
10 0 14
4 3 13
7 5 18
10 11 22
2 18 21
10 13 29
9 26 39
7 25 36
10 37 52
3 40 46
2 35 42
7 27 38
8 40 51
6 47 56
1 41 46
1 65 70
8 64 73
9 55 65
2 53 58
5 49 58
7 62 70
1 89 92
1 62 64
1 100 105
7 89 99
2 114 117
4 71 78
10 75 89
4 80 89
3 101 105
6 122 129
2 81 85
5 154 163
2 161 164
6 96 104
7 88 97
7 170 183
2 96 104
3 135 139
5 177 188
2 172 176
7 115 127
5 161 172
7 152 162
3 128 133
7 201 214
2 173 181
8 213 226
9 239 249
4 228 235
3 247 256
4 190 200
6 247 255
3 220 224
2 235 239
3 197 205
6 235 244
8 272 282
4 216 224
1 161 167
4 203 209
6 239 246
6 250 260
1 174 179
3 259 267
6 181 189
3 263 270
1 282 289
8 301 314
3 324 332
2 300 305
4 204 212
1 186 190
4 358 367
5 345 353
1 349 352
3 351 355
2 299 304
3 300 304
7 225 237
6 268 278
4 266 274
5 205 215
7 279 287
9 330 344
2 241 248
6 345 355
9 240 251
8 275 286
4 377 382
5 409 420
1 396 398
10 368 384
2 353 358
4 305 313
5 450 458
9 261 271
9 286 296
2 317 320
10 465 476
2 305 311
4 307 317
3 502 510
3 426 432
1 462 466
4 313 323
4 459 464
2 457 461
8 477 488
9 381 394
7 391 401
8 282 292
6 544 554
4 554 563
9 323 336
10 432 445
1 326 333
2 322 327
2 300 308
2 505 510
5 485 492
6 599 608
4 310 315
8 588 599
4 438 443
4 408 416
7 538 549
1 464 470
2 591 597
5 618 625
3 614 621
1 590 593
1 582 587
2 489 497
2 613 620
8 520 530
7 390 398
2 626 630
10 367 381
10 433 447
8 581 594
6 416 426
10 360 374
9 407 417
6 416 426
4 598 607
5 666 672
9 454 465
5 480 488
5 407 415
9 534 548
8 575 586
9 477 491
2 688 694
2 575 581
3 447 455
10 634 649
8 488 497
10 485 499
4 650 660
4 534 540
2 798 803
9 586 599
7 805 814
2 780 787
5 759 770
3 550 554
9 678 689
8 806 815
9 679 690
4 693 698
10 850 862
7 688 696
8 845 855
7 610 621
6 749 756
4 693 698
3 669 678
2 882 890
6 792 800
7 600 611
8 890 899
5 793 802
1 508 513
3 905 912
3 823 832
4 489 497
10 636 651
6 525 533
8 725 738
1 929 934
1 834 840
7 799 807
6 538 550
6 843 852
7 678 687
9 870 880
7 772 783
4 839 848
3 735 742
3 967 972
8 971 982
7 530 538
5 964 974
6 716 723
6 717 729
6 606 617
7 785 794
5 784 792
9 663 673
10 680 695
4 743 751
4 1012 1022
9 658 671
1 990 993
5 960 971
10 931 942
4 1018 1023
3 581 587
10 559 574
1 976 978
7 756 769
10 697 709
8 1013 1025
4 872 880
2 660 667
3 864 872
9 831 841
7 989 1002
10 919 934
3 747 752
3 806 810
3 941 948
7 1003 1014
3 601 607
10 626 638
10 799 812
7 777 787
8 1189 1201
8 667 678
4 736 744
4 1075 1084
10 1196 1211
1 869 871
8 957 967
4 984 994
9 927 942
10 726 742
3 1176 1182
2 843 847
6 1183 1192
5 933 941
6 654 662
10 907 918
9 675 687
6 715 724
6 1198 1210
9 795 809
3 977 985
7 828 837
5 1161 1170
7 720 728
9 899 912
8 1274 1287
6 715 727
4 921 928
3 827 835
4 879 885
10 1165 1176
3 1071 1079
9 1183 1196
6 865 877
1 902 906
6 756 763
10 1208 1219
9 854 866
1 784 791
1 1076 1083
1 1299 1304
10 865 877
4 987 992
4 1206 1215
9 1205 1219
7 754 767
4 1181 1190
5 1006 1015
4 1358 1368
2 964 971
5 1241 1249
6 1032 1044
4 1114 1124
2 1335 1341
9 1122 1135
9 1029 1043
2 914 921
6 1363 1374
10 761 773
2 846 851
10 912 926
8 1187 1196
7 1261 1269
10 1439 1451
10 1479 1492
8 1150 1161
3 1056 1061
5 982 990
8 1012 1025
6 1140 1148
5 1449 1457
4 1077 1084
10 1517 1533
1 1357 1363
6 1395 1406
2 921 928
6 1342 1351
2 1495 1502
1 1147 1154
10 1499 1515
10 1038 1050
8 1238 1249
7 1089 1099
1 862 866
8 1029 1041
9 1578 1593
9 1611 1623
7 1364 1376
9 1464 1476
3 930 939
8 1272 1286
5 1138 1147
6 1572 1582
4 1516 1526
5 1576 1585
9 1550 1562
1 1031 1035
5 1544 1551
6 858 866
1 964 969
5 1369 1379
9 1091 1101
8 996 1007
6 1035 1045
3 1568 1575
6 1303 1315
5 1543 1551
8 1006 1017
3 1037 1045
5 1667 1678
1 1358 1364
9 1600 1610
3 1421 1429
2 996 1000
3 1040 1045
9 1357 1371
8 1434 1447
7 1263 1273
9 1601 1613
7 1323 1333
2 1004 1010
4 1773 1780
3 1470 1479
4 1398 1406
10 1765 1780
9 991 1006
7 1217 1225
4 1782 1792
1 1626 1633
8 1810 1822
3 1836 1844
5 1613 1621
1 1488 1493
5 1405 1414
8 968 977
10 1423 1435
4 1436 1444
5 1688 1696
6 1201 1209
10 1221 1234
4 1556 1565
10 1871 1883
10 1416 1430
2 1205 1212
8 1469 1478
6 1497 1506
9 1154 1167
9 1657 1671
1 1881 1888
3 1849 1856
8 1824 1833
9 1292 1305
9 1397 1410
6 1726 1733
7 1577 1590
8 1557 1569
3 1838 1844
7 1672 1685
6 1316 1324
6 1831 1842
6 1192 1203
2 1814 1822
