150
3 0 7
10 3 18
3 6 15
7 9 21
6 15 22
2 16 22
2 21 28
2 18 21
8 22 32
2 29 36
7 28 39
9 33 47
1 50 54
7 56 66
9 67 81
5 43 52
5 74 81
8 65 78
2 82 87
2 60 65
6 83 93
4 81 91
6 89 97
1 74 79
4 74 84
1 110 116
8 122 132
1 126 133
3 77 86
9 75 86
9 83 93
10 134 150
3 138 144
4 154 164
8 89 100
8 121 134
9 162 174
9 130 145
10 118 131
10 164 175
5 122 129
4 151 159
2 150 157
2 195 203
7 219 228
4 199 209
5 200 211
2 220 223
4 160 169
6 221 228
5 185 194
6 140 150
3 158 162
8 251 265
10 152 164
10 150 163
10 148 161
3 172 180
3 230 235
10 254 268
9 177 189
7 164 176
8 216 228
2 232 238
8 185 195
4 273 280
1 215 221
3 302 309
3 182 190
8 287 301
10 247 261
7 235 248
8 354 366
6 321 332
4 334 343
9 244 255
5 350 358
5 293 299
2 299 304
3 304 309
7 378 387
10 269 281
10 275 286
3 285 291
6 269 281
6 397 404
3 256 265
8 373 384
5 287 296
3 261 267
6 280 292
4 442 449
2 271 278
5 313 322
2 355 361
2 467 472
8 313 324
8 464 475
9 255 268
3 461 469
6 286 295
1 472 477
8 285 294
4 431 438
1 372 375
1 286 290
10 512 527
8 374 386
3 452 457
8 461 471
1 461 463
1 498 501
1 359 366
8 379 389
5 513 522
10 413 426
5 548 558
5 410 419
4 342 348
10 498 509
2 333 337
6 436 443
4 486 491
6 417 427
7 314 325
5 342 348
7 517 530
10 422 435
5 616 623
9 406 418
10 474 486
10 396 411
6 430 438
3 371 378
8 387 400
10 460 474
5 532 543
9 649 659
7 632 640
4 395 402
3 405 411
2 492 495
3 610 618
1 412 418
2 631 634
3 702 707
3 375 383
4 369 378
10 391 407
1 501 505
