200
8 1 11
4 1 7
7 2 15
5 1 13
3 3 13
6 2 13
2 1 6
9 3 18
10 3 18
9 4 20
2 4 14
7 4 18
2 3 10
3 4 13
9 5 19
9 5 15
5 6 17
8 6 17
5 6 12
3 6 14
4 6 17
4 5 15
6 6 20
4 8 16
5 7 17
9 7 19
5 6 16
6 8 22
3 8 17
8 8 19
2 8 13
9 9 22
4 9 18
5 8 14
6 9 17
2 9 19
2 10 16
9 10 20
5 10 22
2 11 21
3 11 20
2 10 14
9 12 25
2 12 15
3 12 16
7 12 20
8 13 25
7 13 21
7 12 23
6 12 23
6 14 26
6 14 27
2 14 19
10 13 26
7 13 25
1 14 17
5 16 25
6 14 28
5 14 26
7 15 27
2 15 21
4 16 21
10 16 32
10 17 30
9 17 27
9 16 30
8 18 30
8 19 29
8 18 30
1 17 21
7 19 29
1 17 24
4 19 24
2 18 25
10 19 33
6 19 30
3 20 24
2 21 30
9 19 32
9 22 36
1 21 27
2 21 29
1 20 28
6 20 31
5 21 27
4 23 33
3 23 34
6 22 29
10 23 34
9 22 37
8 24 39
8 23 36
1 23 27
1 23 25
7 23 32
8 25 36
10 25 38
6 25 33
2 25 28
7 25 38
2 26 33
4 26 33
9 26 41
6 26 33
4 27 32
6 28 40
3 28 34
10 28 41
6 28 36
9 29 39
4 29 35
7 28 42
7 30 41
7 30 38
9 30 46
3 29 33
6 30 37
4 29 36
10 31 49
3 32 43
6 32 43
9 30 47
5 32 38
2 31 34
9 31 44
9 32 47
1 33 40
8 34 44
4 34 46
5 33 42
4 32 40
3 34 42
3 34 42
8 34 46
6 33 47
8 34 48
1 35 40
1 35 39
9 36 53
9 36 49
7 35 47
7 35 45
2 35 44
10 36 48
1 37 42
1 36 38
3 38 42
7 38 49
7 37 45
5 38 50
4 39 49
8 38 48
5 38 46
10 39 51
4 40 48
8 40 52
7 39 54
3 41 47
8 39 55
6 39 48
5 41 48
8 40 54
10 42 60
5 41 48
7 41 53
10 42 55
6 43 50
1 44 46
3 43 53
4 43 48
7 42 50
10 44 61
9 43 60
6 44 56
8 45 61
5 45 57
10 44 57
2 46 56
3 46 54
8 46 55
1 46 49
8 47 59
4 46 56
9 48 59
1 46 50
1 47 53
1 48 57
4 48 55
10 48 59
4 49 57
1 47 52
2 48 56
3 48 56
1 48 52
5 50 57
5 49 62
10 49 66
3 50 59
2 49 59
10 49 65
