100
2 0 6
4 4 14
9 6 18
3 9 16
9 18 33
8 24 34
3 21 28
2 25 32
10 36 52
8 28 40
4 32 38
6 36 47
10 35 48
2 53 56
3 55 64
4 54 63
1 43 45
9 56 70
3 63 70
9 60 73
7 56 64
8 85 98
6 95 103
3 74 79
5 100 108
7 112 120
10 108 123
9 80 94
5 99 106
3 114 118
9 76 88
4 141 151
6 103 110
5 164 174
4 127 137
1 87 90
2 178 186
10 119 132
4 182 188
1 189 196
9 179 189
10 159 171
6 208 220
5 183 191
5 182 188
5 120 126
3 211 220
2 217 220
10 214 226
3 233 242
3 245 251
4 178 183
2 220 223
8 202 212
9 216 229
9 164 177
1 225 228
10 233 244
3 191 198
7 246 256
3 194 198
7 272 283
4 212 221
8 186 200
9 241 256
8 206 219
4 243 248
2 332 339
5 335 344
7 179 189
8 257 268
8 186 200
4 322 330
10 296 312
1 245 249
6 345 356
7 197 208
3 227 235
4 200 210
2 231 238
4 391 396
6 316 327
10 307 323
8 317 327
9 252 266
5 234 241
5 229 239
8 244 256
9 421 433
6 335 343
4 237 242
3 286 292
4 418 425
7 387 396
6 297 307
7 304 312
10 450 463
4 281 291
9 486 497
8 418 429
