250
1 0 7
10 2 17
9 6 17
1 12 17
5 19 29
9 19 32
5 29 38
7 27 36
7 23 36
4 40 47
6 27 34
8 54 64
5 57 63
3 49 56
7 52 61
7 57 69
8 58 72
4 56 66
7 46 57
9 85 95
10 81 92
1 84 91
1 82 86
7 93 102
7 72 80
3 112 117
5 117 127
5 113 120
10 123 135
5 108 118
5 124 131
7 146 158
3 120 126
9 88 101
4 168 174
6 139 150
9 154 167
4 164 174
7 166 179
1 149 154
4 142 150
10 197 208
10 125 138
10 209 221
5 129 139
1 184 187
10 137 150
5 198 209
4 176 186
3 170 176
8 154 163
6 183 190
5 146 155
4 214 221
3 188 196
5 205 216
2 165 169
6 234 246
1 154 160
5 153 161
10 263 274
4 253 259
6 232 240
9 207 221
5 241 251
8 215 225
5 324 331
3 268 272
8 175 186
1 290 297
4 231 241
5 188 198
2 347 355
5 194 201
6 305 313
2 345 351
10 255 270
7 243 252
6 302 314
3 247 256
9 377 388
3 351 357
4 368 373
10 213 226
4 298 306
7 230 241
10 342 354
3 252 256
1 414 416
7 254 264
4 305 314
9 401 411
6 410 418
5 451 457
8 260 270
4 461 468
6 466 476
4 363 371
7 378 389
8 312 323
7 465 475
3 281 287
7 424 436
7 441 449
9 332 343
6 350 358
2 509 516
6 470 479
3 274 281
5 519 529
1 308 311
10 354 368
5 431 441
2 496 503
5 476 486
2 518 526
10 293 304
4 448 454
3 524 529
8 316 327
3 579 583
6 497 506
7 521 530
6 586 596
5 385 394
2 420 426
1 426 429
7 347 358
4 577 585
8 575 589
9 481 496
8 612 624
1 422 429
2 376 381
8 595 607
8 431 444
6 427 439
3 569 573
1 405 411
4 518 524
6 590 601
5 697 705
6 374 382
6 621 631
3 523 528
5 540 546
3 590 599
8 550 561
7 442 454
8 383 397
3 705 713
3 669 673
1 388 391
3 517 525
9 411 426
5 682 691
10 459 471
5 535 546
10 669 682
3 451 456
4 766 775
6 647 654
1 782 784
3 481 490
8 466 475
1 449 454
3 433 441
7 615 626
5 497 504
7 544 555
4 446 453
1 496 502
1 642 649
9 522 532
7 589 598
2 627 635
2 628 635
8 844 857
5 687 693
2 835 839
9 852 864
7 505 517
4 628 637
3 611 616
8 652 665
9 551 562
9 616 630
9 674 689
2 876 881
6 595 604
1 706 710
6 608 616
2 772 780
9 522 534
5 562 573
4 676 682
1 713 719
10 605 619
7 764 777
3 513 520
4 971 977
6 974 982
10 612 626
2 832 840
2 805 813
5 598 607
3 1017 1024
4 853 861
8 753 767
9 1011 1023
1 783 788
10 996 1011
8 865 875
3 648 657
5 866 875
4 1043 1052
4 686 696
9 888 902
6 982 994
2 1032 1035
9 986 996
2 880 883
3 583 587
7 614 623
7 744 752
4 1018 1028
9 1083 1093
1 684 688
9 592 607
4 850 857
8 651 660
4 732 741
8 998 1009
9 1130 1142
4 855 862
2 997 1002
7 637 649
1 1042 1044
3 941 948
10 851 864
6 609 617
4 754 761
9 911 923
3 942 946
6 908 916
9 872 883
8 1048 1057
3 1111 1116
7 1081 1091
6 1096 1104
