350
6 0 8
4 3 8
5 7 15
1 14 21
3 13 21
5 16 26
7 22 34
2 24 32
2 34 40
5 40 48
2 40 45
1 50 54
7 59 71
6 50 57
2 38 41
1 70 77
5 57 66
1 50 57
4 54 62
6 94 101
8 95 106
2 77 80
8 65 76
5 104 115
5 89 97
1 93 97
10 90 102
4 119 129
7 115 124
2 118 123
2 125 129
4 94 101
8 83 94
8 99 112
1 94 99
5 108 119
4 135 140
9 123 136
10 130 141
9 127 140
9 157 171
6 116 128
3 129 134
3 151 156
5 161 172
10 191 207
5 172 181
6 156 167
1 185 189
5 136 142
1 196 202
9 239 250
4 251 257
4 237 244
4 260 270
3 223 229
8 168 178
6 188 195
1 180 187
3 189 194
8 275 286
9 280 293
1 238 244
10 284 296
2 208 211
2 211 216
7 258 267
9 259 271
2 288 295
2 255 259
2 286 290
10 254 266
7 335 346
6 350 358
3 208 213
10 218 234
4 288 293
8 240 252
7 213 226
5 392 401
2 348 355
4 270 279
3 245 254
3 412 416
7 231 240
8 362 373
3 285 294
8 372 381
6 395 404
6 245 255
4 269 279
4 344 353
9 278 289
10 438 449
9 281 296
2 390 397
9 305 319
3 430 438
5 408 417
1 277 281
4 459 465
9 433 447
9 457 468
9 339 353
2 339 344
10 361 372
8 510 519
9 394 409
8 282 293
3 524 528
6 276 285
5 431 440
4 361 369
4 419 426
3 492 499
6 360 372
7 532 540
7 573 586
3 347 355
5 561 569
10 543 558
10 352 368
3 315 321
3 557 566
3 542 547
1 490 495
5 370 377
5 627 633
8 460 473
6 462 472
3 429 435
8 405 415
7 644 657
2 638 646
9 609 623
2 645 649
6 379 388
1 615 617
9 678 693
3 503 512
4 557 563
9 616 626
10 609 622
3 527 531
5 487 493
2 655 661
3 704 710
9 709 724
6 531 538
9 491 504
6 555 565
6 469 476
1 470 474
2 701 706
1 581 583
8 764 774
1 657 664
5 579 586
1 514 516
3 403 411
3 669 675
7 608 621
7 445 455
1 725 732
2 601 608
6 484 492
8 441 453
1 460 466
7 634 647
3 452 460
3 782 788
9 552 567
3 537 544
6 484 491
5 741 750
4 824 832
9 648 661
5 695 701
7 837 846
7 492 505
7 566 575
10 528 539
4 472 477
1 891 895
10 890 904
9 858 871
6 491 502
2 843 851
5 884 893
7 675 688
8 495 505
6 820 829
5 606 613
4 677 684
6 904 913
8 949 963
9 969 979
3 855 864
10 509 522
6 885 892
3 568 572
7 964 975
4 998 1004
1 607 609
10 985 996
5 812 822
5 862 868
3 667 673
9 588 600
10 789 800
9 790 802
5 600 606
5 816 827
4 973 978
3 916 924
9 769 782
8 931 945
3 731 736
7 837 850
5 1007 1017
7 865 878
9 725 735
7 713 722
1 888 894
7 969 979
9 1111 1126
10 1060 1071
7 927 937
1 696 701
7 704 714
6 946 955
7 1126 1135
6 587 595
9 1142 1153
3 790 795
5 1035 1044
9 674 687
4 900 910
5 683 693
10 1109 1123
4 914 920
4 1169 1175
1 985 991
9 1146 1161
1 713 718
1 1108 1114
9 779 789
10 929 944
3 903 912
5 963 972
6 1207 1218
1 1153 1158
4 1003 1010
9 1160 1175
1 1189 1192
1 1086 1093
5 1028 1038
1 1058 1065
4 1162 1171
5 975 981
2 720 726
8 1172 1186
2 834 837
7 1299 1312
1 1120 1127
9 1273 1287
4 1296 1306
2 1112 1120
6 1203 1211
8 1226 1237
1 1248 1254
4 967 976
10 1042 1056
1 1025 1027
5 1281 1290
9 964 975
3 778 784
8 798 809
4 1255 1265
9 795 806
1 1293 1300
10 1320 1333
8 758 769
7 939 951
10 1219 1230
1 1003 1005
9 874 886
10 1114 1127
9 1231 1244
5 1442 1453
7 1029 1037
4 924 932
3 1055 1059
4 1191 1199
2 742 748
7 1046 1057
7 1450 1461
10 1191 1203
3 1398 1407
2 870 874
8 939 950
9 844 855
5 1337 1344
9 1279 1290
6 1171 1183
4 1097 1107
4 1332 1340
2 1493 1496
4 1138 1147
2 1310 1315
9 851 862
4 1367 1376
5 887 895
6 807 819
3 1075 1082
4 1257 1266
8 1313 1327
9 1048 1063
3 1394 1401
6 999 1011
9 1424 1437
3 1336 1342
3 1275 1283
3 875 881
4 1481 1490
3 1320 1324
6 1330 1337
9 1326 1341
2 1427 1431
1 1476 1483
9 883 896
9 1084 1094
7 1047 1060
10 948 964
7 1232 1243
10 1306 1318
3 1077 1082
10 1338 1353
8 851 861
8 1228 1240
10 881 897
7 1081 1090
2 1475 1478
9 866 876
10 1030 1046
5 1485 1493
4 1154 1162
2 959 965
5 1234 1241
6 1682 1692
