300
4 0 9
3 2 9
6 7 15
10 8 22
5 11 17
10 17 29
8 23 36
4 18 28
2 35 38
9 44 57
3 45 51
6 45 55
7 38 47
10 37 51
9 48 63
5 51 57
7 51 63
8 55 69
2 48 56
9 76 91
5 94 104
4 54 62
8 59 73
9 98 113
5 116 126
7 67 80
6 73 85
5 106 117
3 108 116
10 117 130
9 141 156
6 109 118
9 97 108
2 156 163
9 128 138
8 107 119
6 136 145
5 162 172
5 177 183
8 142 153
9 190 202
8 121 134
10 108 121
6 157 165
2 113 121
9 219 231
10 208 224
10 199 215
7 211 223
9 128 143
9 196 206
5 141 147
7 189 198
10 163 177
10 197 213
6 254 263
7 255 263
10 156 169
7 151 160
10 214 225
1 272 275
2 257 263
1 191 195
2 191 198
8 195 207
7 248 257
1 212 219
5 225 231
4 339 347
3 264 269
7 274 287
8 208 221
9 187 199
7 188 197
9 354 365
3 232 241
3 287 295
1 325 331
9 351 366
1 299 306
4 312 321
1 228 234
8 304 314
6 305 314
9 281 292
6 362 371
7 257 267
5 360 366
1 271 274
5 300 306
5 286 294
1 352 356
2 262 269
9 435 445
4 335 344
5 458 469
9 299 311
9 433 445
4 406 412
10 357 370
6 432 444
8 346 359
6 396 405
6 504 516
9 453 468
7 459 469
5 311 319
4 533 540
5 495 503
1 418 423
4 344 351
7 330 342
2 465 468
6 364 372
1 547 550
3 325 331
7 486 499
7 529 540
3 457 466
5 483 492
9 540 552
4 428 436
10 308 320
3 370 375
6 479 486
9 465 477
2 486 494
6 506 515
5 596 607
2 607 614
2 429 437
7 376 388
4 462 468
10 398 411
10 519 532
5 642 653
10 677 693
2 396 400
3 386 390
5 358 368
2 366 372
6 359 367
4 423 428
10 478 489
1 664 670
3 455 464
6 612 619
7 654 662
9 481 493
2 634 638
7 549 559
3 614 619
7 752 761
9 602 616
1 627 631
8 717 731
4 729 734
8 742 755
8 737 746
5 673 682
9 663 674
1 598 603
2 672 679
8 529 541
4 817 824
5 673 683
4 797 807
8 690 700
8 426 438
8 644 658
4 837 843
2 804 811
5 507 514
2 728 736
4 605 610
2 854 860
1 579 581
4 463 469
4 626 632
6 695 706
4 818 825
6 663 673
9 830 845
10 570 586
7 613 622
10 662 676
5 499 506
3 761 767
6 825 837
2 635 641
7 498 510
4 521 530
9 809 821
3 857 865
4 881 891
5 889 895
2 860 867
10 632 647
10 641 654
7 975 985
5 747 758
1 843 850
4 646 655
1 800 807
7 918 930
7 920 930
4 560 568
4 520 528
3 949 954
1 1016 1022
9 720 730
9 530 544
4 623 632
10 635 646
8 779 792
10 868 884
8 805 816
3 591 598
6 942 950
7 911 923
6 980 990
10 740 752
2 914 917
4 788 793
4 1058 1063
3 837 841
1 752 756
4 859 864
1 584 588
5 704 713
4 769 774
4 859 864
3 848 854
7 668 681
5 1014 1021
6 798 808
3 1073 1080
4 690 699
6 608 615
5 1109 1118
4 702 709
4 1157 1166
7 1148 1157
2 669 674
5 973 979
3 1041 1048
8 626 638
7 738 751
2 1064 1070
4 1016 1026
9 638 649
5 750 761
2 1240 1247
6 919 928
3 935 944
10 803 815
1 693 696
3 875 881
9 804 814
10 1233 1246
1 933 935
8 776 787
6 770 777
4 1234 1242
9 1011 1026
7 1185 1194
9 1109 1123
7 1096 1109
1 1036 1038
6 1102 1111
4 939 949
4 938 948
1 846 848
8 1067 1081
1 820 822
3 1223 1229
3 866 870
9 1017 1028
4 1053 1060
3 918 922
7 705 714
1 1400 1402
7 731 741
1 1235 1239
4 1001 1009
8 955 965
10 1376 1391
4 896 902
1 1315 1317
10 825 836
7 1066 1077
10 1290 1305
3 1328 1334
7 737 750
4 1103 1110
10 1257 1268
2 1237 1240
1 1099 1104
2 971 978
10 1234 1248
